camera_matrix:
- [1611.7697154495065, 0.0, 656.6078729176322]
- [0.0, 1611.9107637166924, 365.7201327946926]
- [0.0, 0.0, 1.0]
dist_coeff:
- [0.02632014249132707, -0.7098689170270414, 0.001988826684345102, 0.009211518479645887,
  0.0]
height: 792
width: 1408
